4294967294,0
4294967279,287
4294967279,285
4294967279,293
4294967279,283
4294967279,367
4294967279,262
4294967279,261
4294967279,282
4294967279,281
4294967278,558
4294967279,366
4294967278,557
4294967279,365
4294967278,556
4294967279,364
4294967278,256
4294967279,363
4294967278,555
4294967278,554
4294967279,362
4294967278,255
2,2
4294967278,553
4294967279,361
4294967278,552
4294967278,551
4294967294,423
4294967294,427
4294967294,107
4294967278,252
4294967278,251
4294967278,248
4294967278,247
4294967278,244
4294967278,242
4294967278,241
4294967278,239
4294967278,237
4294967278,550
4294967278,233
4294967278,231
4294967278,229
4294967278,227
4294967278,225
4294967278,223
5,2
4294967278,220
4294967278,219
3,2
4294967278,216
4294967278,214
4294967278,549
4294967279,360
4294967278,212
4294967278,211
4294967279,359
4294967278,548
4294967278,209
4294967279,358
4294967278,547
5,6
5,5
5,4
2,5
4294967278,207
4294967278,546
4294967278,0
4294967294,7
4294967279,357
4294967279,0
4,2
4294967278,205
4294967278,204
4,4
4294967278,132
4294967278,131
4294967278,130
4294967278,129
4294967278,128
4294967278,127
4294967278,126
4294967278,125
4294967278,124
4294967278,123
4294967278,122
4294967278,121
4294967278,120
4294967278,119
4294967278,118
4294967278,117
4294967278,116
4294967278,115
4294967278,114
4294967278,113
4294967278,112
4294967278,111
4294967278,110
4294967278,109
4294967278,108
4294967278,107
4294967278,106
4294967278,105
4294967278,104
4294967278,103
4294967278,102
4294967278,101
4294967278,100
4294967278,99
4294967278,98
4294967278,97
4294967278,96
4294967278,95
4294967278,94
4294967278,93
4294967278,92
4294967278,90
4294967278,89
4294967278,87
4294967278,86
4294967278,85
4294967278,84
4294967278,83
4294967278,82
4294967278,81
4294967278,80
4294967278,79
4294967278,78
4294967278,77
4294967278,76
4294967278,75
4294967278,74
4294967278,73
4294967278,72
4294967278,71
4294967278,70
4294967278,69
4294967278,68
4294967278,67
4294967278,66
4294967278,65
4294967278,64
4294967278,63
4294967278,62
4294967278,61
4294967278,60
4294967278,59
4294967278,58
4294967278,57
4294967278,56
4294967278,55
4294967278,54
4294967278,53
4294967278,52
4294967279,61
4294967279,57
4294967279,54
4294967279,52
4294967279,51
4294967279,49
4294967279,41
4294967279,39
4294967279,38
4294967279,32
4294967279,23
4294967279,22
4294967279,21
4294967279,16
4294967279,15
4294967279,12
4294967279,11
4294967279,10
4294967279,9
4294967279,8
4294967279,7
4294967279,6
4294967279,5
4294967279,4
4294967278,545
4294967278,91
4294967294,6
4,5
2,4
4294967294,5
0,5
3,5
4294967278,202
3,4
4243767290,0
4294967279,356
4294967278,544
4294967279,355
4294967278,543
4294967278,542
4294967278,541
4294967279,354
4294967279,353
4294967279,352
4294967278,540
4294967278,539
4294967279,351
4294967279,350
4294967278,538
4294967279,349
4294967278,537
4294967279,348
4243767290,3
4243767290,2
4294967278,536
4294967279,347
4294967279,346
4294967278,535
4294967278,534
4294967278,533
4294967279,345
4294967294,471
4294967278,532
4294967293,131
4294967293,130
4294967293,129
4294967293,128
4294967293,127
4294967293,126
4294967293,125
4294967293,124
4294967293,123
4294967293,122
4294967293,121
4294967293,120
4294967293,119
4294967293,118
4294967293,117
4294967293,116
4294967293,115
4294967293,114
4294967293,113
4294967293,112
4294967293,111
4294967293,110
4294967293,109
4294967293,108
4294967293,107
4294967293,106
4294967293,105
4294967293,104
4294967293,103
4294967293,102
4294967293,101
4294967293,100
4294967293,99
4294967293,98
4294967293,97
4294967293,96
4294967293,95
4294967293,94
4294967293,93
4294967293,92
4294967293,91
4294967293,90
4294967293,89
4294967293,88
4294967293,87
4294967293,86
4294967293,85
4294967293,84
4294967293,83
4294967293,82
4294967293,81
4294967293,80
4294967293,79
4294967293,78
4294967293,77
4294967293,76
4294967293,75
4294967293,74
4294967293,73
4294967293,72
4294967293,71
4294967293,70
4294967293,69
4294967293,68
4294967293,67
4294967293,66
4294967293,65
4294967293,64
4294967293,63
4294967293,62
4294967293,61
4294967293,60
4294967293,59
4294967293,58
4294967293,57
4294967293,56
